- !<Matter/136fb47c-9df1-4aa9-841b-b3862ba4ca51>
  PackagePath: ""
  Friction: 0.000000
  RollingFriction: 0.030000
  SpinningFriction: 0.030000
  DynamicBounciness: 0.700000
  StaticBounciness: 0.120000
