- !<Matter/28ee4075-3259-4008-9cef-0a2ac9459f57>
  PackagePath: ""
  Friction: 0.500000
  RollingFriction: 0.010000
  SpinningFriction: 0.030000
  DynamicBounciness: 0.750000
  StaticBounciness: 0.120000
